tm,DVm,PVm
0.000000000000000000e+00,0.000000000000000000e+00,0.000000000000000000e+00
1.000000000000000000e+00,1.000000000000000000e+00,7.500000000000284217e-04
2.000000000000000000e+00,1.000000000000000000e+00,7.500000000000284217e-04
3.000000000000000000e+00,1.000000000000000000e+00,7.500000000000284217e-04
4.000000000000000000e+00,1.000000000000000000e+00,7.500000000000284217e-04
5.000000000000000000e+00,1.000000000000000000e+00,7.500000000000284217e-04
6.000000000000000000e+00,1.000000000000000000e+00,7.500000000000284217e-04
7.000000000000000000e+00,1.000000000000000000e+00,7.500000000000284217e-04
8.000000000000000000e+00,1.000000000000000000e+00,7.500000000000284217e-04
9.000000000000000000e+00,1.000000000000000000e+00,4.000000000000092024e-03
1.000000000000000000e+01,1.000000000000000000e+00,3.250000000000064036e-03
1.100000000000000000e+01,1.000000000000000000e+00,6.250000000000000347e-03
1.200000000000000000e+01,1.000000000000000000e+00,6.250000000000000347e-03
1.300000000000000000e+01,1.000000000000000000e+00,6.250000000000000347e-03
1.400000000000000000e+01,1.000000000000000000e+00,8.000000000000007105e-03
1.500000000000000000e+01,1.000000000000000000e+00,4.750000000000120445e-03
1.600000000000000000e+01,1.000000000000000000e+00,7.249999999999978684e-03
1.700000000000000000e+01,1.000000000000000000e+00,8.750000000000035527e-03
1.800000000000000000e+01,1.000000000000000000e+00,8.750000000000035527e-03
1.900000000000000000e+01,1.000000000000000000e+00,8.750000000000035527e-03
2.000000000000000000e+01,1.000000000000000000e+00,8.750000000000035527e-03
2.100000000000000000e+01,1.000000000000000000e+00,8.750000000000035527e-03
2.200000000000000000e+01,1.000000000000000000e+00,8.750000000000035527e-03
2.300000000000000000e+01,1.000000000000000000e+00,8.750000000000035527e-03
2.400000000000000000e+01,1.000000000000000000e+00,8.750000000000035527e-03
2.500000000000000000e+01,1.000000000000000000e+00,9.500000000000063949e-03
2.600000000000000000e+01,1.000000000000000000e+00,8.750000000000035527e-03
2.700000000000000000e+01,1.000000000000000000e+00,9.500000000000063949e-03
2.800000000000000000e+01,1.000000000000000000e+00,1.125000000000007071e-02
2.900000000000000000e+01,1.000000000000000000e+00,9.500000000000063949e-03
3.000000000000000000e+01,1.000000000000000000e+00,1.200000000000009913e-02
3.100000000000000000e+01,1.000000000000000000e+00,1.200000000000009913e-02
3.200000000000000000e+01,1.000000000000000000e+00,1.349999999999997903e-02
3.300000000000000000e+01,1.000000000000000000e+00,1.524999999999998579e-02
3.400000000000000000e+01,1.000000000000000000e+00,1.675000000000004263e-02
3.500000000000000000e+01,1.000000000000000000e+00,1.675000000000004263e-02
3.600000000000000000e+01,1.000000000000000000e+00,1.675000000000004263e-02
3.700000000000000000e+01,1.000000000000000000e+00,1.675000000000004263e-02
3.800000000000000000e+01,1.000000000000000000e+00,1.675000000000004263e-02
3.900000000000000000e+01,1.000000000000000000e+00,2.075000000000013639e-02
4.000000000000000000e+01,1.000000000000000000e+00,1.775000000000002270e-02
4.100000000000000000e+01,1.000000000000000000e+00,1.925000000000007955e-02
4.200000000000000000e+01,1.000000000000000000e+00,2.250000000000014141e-02
4.300000000000000000e+01,1.000000000000000000e+00,2.500000000000000139e-02
4.400000000000000000e+01,1.000000000000000000e+00,2.500000000000000139e-02
4.500000000000000000e+01,1.000000000000000000e+00,2.500000000000000139e-02
4.600000000000000000e+01,1.000000000000000000e+00,2.500000000000000139e-02
4.700000000000000000e+01,1.000000000000000000e+00,2.500000000000000139e-02
4.800000000000000000e+01,1.000000000000000000e+00,2.575000000000002981e-02
4.900000000000000000e+01,1.000000000000000000e+00,2.650000000000005823e-02
5.000000000000000000e+01,1.000000000000000000e+00,2.650000000000005823e-02
5.100000000000000000e+01,1.000000000000000000e+00,2.650000000000005823e-02
5.200000000000000000e+01,1.000000000000000000e+00,2.900000000000009168e-02
5.300000000000000000e+01,1.000000000000000000e+00,2.975000000000012010e-02
5.400000000000000000e+01,1.000000000000000000e+00,3.300000000000000849e-02
5.500000000000000000e+01,1.000000000000000000e+00,3.300000000000000849e-02
5.600000000000000000e+01,1.000000000000000000e+00,3.300000000000000849e-02
5.700000000000000000e+01,1.000000000000000000e+00,3.300000000000000849e-02
5.800000000000000000e+01,1.000000000000000000e+00,3.525000000000009376e-02
5.900000000000000000e+01,1.000000000000000000e+00,4.024999999999998718e-02
6.000000000000000000e+01,1.000000000000000000e+00,4.100000000000001560e-02
6.100000000000000000e+01,1.000000000000000000e+00,4.100000000000001560e-02
6.200000000000000000e+01,1.000000000000000000e+00,4.100000000000001560e-02
6.300000000000000000e+01,1.000000000000000000e+00,4.100000000000001560e-02
6.400000000000000000e+01,1.000000000000000000e+00,4.175000000000004402e-02
6.500000000000000000e+01,1.000000000000000000e+00,4.175000000000004402e-02
6.600000000000000000e+01,1.000000000000000000e+00,4.575000000000013778e-02
6.700000000000000000e+01,1.000000000000000000e+00,4.824999999999999428e-02
6.800000000000000000e+01,1.000000000000000000e+00,4.900000000000002270e-02
6.900000000000000000e+01,1.000000000000000000e+00,4.900000000000002270e-02
7.000000000000000000e+01,1.000000000000000000e+00,4.900000000000002270e-02
7.100000000000000000e+01,1.000000000000000000e+00,4.900000000000002270e-02
7.200000000000000000e+01,1.000000000000000000e+00,5.225000000000008804e-02
7.300000000000000000e+01,1.000000000000000000e+00,5.400000000000008959e-02
7.400000000000000000e+01,1.000000000000000000e+00,5.625000000000000139e-02
7.500000000000000000e+01,1.000000000000000000e+00,5.700000000000002981e-02
7.600000000000000000e+01,1.000000000000000000e+00,5.700000000000002981e-02
7.700000000000000000e+01,1.000000000000000000e+00,5.700000000000002981e-02
7.800000000000000000e+01,1.000000000000000000e+00,5.549999999999997297e-02
7.900000000000000000e+01,1.000000000000000000e+00,5.875000000000003830e-02
8.000000000000000000e+01,1.000000000000000000e+00,6.200000000000009670e-02
8.100000000000000000e+01,1.000000000000000000e+00,6.524999999999998856e-02
8.200000000000000000e+01,1.000000000000000000e+00,6.524999999999998856e-02
8.300000000000000000e+01,1.000000000000000000e+00,6.750000000000007383e-02
8.400000000000000000e+01,1.000000000000000000e+00,7.000000000000010381e-02
8.500000000000000000e+01,1.000000000000000000e+00,7.075000000000013223e-02
8.600000000000000000e+01,1.000000000000000000e+00,7.324999999999999567e-02
8.700000000000000000e+01,1.000000000000000000e+00,7.324999999999999567e-02
8.800000000000000000e+01,1.000000000000000000e+00,7.324999999999999567e-02
8.900000000000000000e+01,1.000000000000000000e+00,7.324999999999999567e-02
9.000000000000000000e+01,1.000000000000000000e+00,7.575000000000002565e-02
9.100000000000000000e+01,1.000000000000000000e+00,7.875000000000013933e-02
9.200000000000000000e+01,1.000000000000000000e+00,8.049999999999997435e-02
9.300000000000000000e+01,1.000000000000000000e+00,8.125000000000000278e-02
9.400000000000000000e+01,1.000000000000000000e+00,8.125000000000000278e-02
9.500000000000000000e+01,1.000000000000000000e+00,8.200000000000003120e-02
9.600000000000000000e+01,1.000000000000000000e+00,8.125000000000000278e-02
9.700000000000000000e+01,1.000000000000000000e+00,8.700000000000010503e-02
9.800000000000000000e+01,1.000000000000000000e+00,8.849999999999998146e-02
9.900000000000000000e+01,1.000000000000000000e+00,8.925000000000000988e-02
1.000000000000000000e+02,1.000000000000000000e+00,8.925000000000000988e-02
1.010000000000000000e+02,1.000000000000000000e+00,8.925000000000000988e-02
1.020000000000000000e+02,1.000000000000000000e+00,8.925000000000000988e-02
1.030000000000000000e+02,1.000000000000000000e+00,9.250000000000006828e-02
1.040000000000000000e+02,1.000000000000000000e+00,9.175000000000003986e-02
1.050000000000000000e+02,1.000000000000000000e+00,9.750000000000014211e-02
1.060000000000000000e+02,1.000000000000000000e+00,9.750000000000014211e-02
1.070000000000000000e+02,1.000000000000000000e+00,9.750000000000014211e-02
1.080000000000000000e+02,1.000000000000000000e+00,9.824999999999999012e-02
1.090000000000000000e+02,1.000000000000000000e+00,1.037500000000001477e-01
1.100000000000000000e+02,1.000000000000000000e+00,1.054999999999999688e-01
1.110000000000000000e+02,1.000000000000000000e+00,1.054999999999999688e-01
1.120000000000000000e+02,1.000000000000000000e+00,1.054999999999999688e-01
1.130000000000000000e+02,1.000000000000000000e+00,1.054999999999999688e-01
1.140000000000000000e+02,1.000000000000000000e+00,1.054999999999999688e-01
1.150000000000000000e+02,1.000000000000000000e+00,1.077500000000000541e-01
1.160000000000000000e+02,1.000000000000000000e+00,1.054999999999999688e-01
1.170000000000000000e+02,1.000000000000000000e+00,1.095000000000000695e-01
1.180000000000000000e+02,1.000000000000000000e+00,1.087500000000000411e-01
1.190000000000000000e+02,1.000000000000000000e+00,1.120000000000000995e-01
1.200000000000000000e+02,1.000000000000000000e+00,1.134999999999999759e-01
1.210000000000000000e+02,1.000000000000000000e+00,1.134999999999999759e-01
1.220000000000000000e+02,1.000000000000000000e+00,1.134999999999999759e-01
1.230000000000000000e+02,1.000000000000000000e+00,1.134999999999999759e-01
1.240000000000000000e+02,1.000000000000000000e+00,1.134999999999999759e-01
1.250000000000000000e+02,1.000000000000000000e+00,1.142500000000000043e-01
1.260000000000000000e+02,1.000000000000000000e+00,1.182500000000001050e-01
1.270000000000000000e+02,1.000000000000000000e+00,1.214999999999999830e-01
1.280000000000000000e+02,1.000000000000000000e+00,1.214999999999999830e-01
1.290000000000000000e+02,1.000000000000000000e+00,1.214999999999999830e-01
1.300000000000000000e+02,1.000000000000000000e+00,1.222500000000000114e-01
1.310000000000000000e+02,1.000000000000000000e+00,1.247500000000000553e-01
1.320000000000000000e+02,1.000000000000000000e+00,1.287500000000001421e-01
1.330000000000000000e+02,1.000000000000000000e+00,1.297500000000001152e-01
1.340000000000000000e+02,1.000000000000000000e+00,1.297500000000001152e-01
1.350000000000000000e+02,1.000000000000000000e+00,1.297500000000001152e-01
1.360000000000000000e+02,1.000000000000000000e+00,1.304999999999999771e-01
1.370000000000000000e+02,1.000000000000000000e+00,1.337500000000000355e-01
1.380000000000000000e+02,1.000000000000000000e+00,1.327500000000000624e-01
1.390000000000000000e+02,1.000000000000000000e+00,1.377500000000001223e-01
1.400000000000000000e+02,1.000000000000000000e+00,1.377500000000001223e-01
1.410000000000000000e+02,1.000000000000000000e+00,1.377500000000001223e-01
1.420000000000000000e+02,1.000000000000000000e+00,1.377500000000001223e-01
1.430000000000000000e+02,1.000000000000000000e+00,1.377500000000001223e-01
1.440000000000000000e+02,1.000000000000000000e+00,1.377500000000001223e-01
1.450000000000000000e+02,1.000000000000000000e+00,1.377500000000001223e-01
1.460000000000000000e+02,1.000000000000000000e+00,1.392500000000000127e-01
1.470000000000000000e+02,1.000000000000000000e+00,1.432500000000000995e-01
1.480000000000000000e+02,1.000000000000000000e+00,1.417500000000000426e-01
1.490000000000000000e+02,1.000000000000000000e+00,1.457500000000001295e-01
1.500000000000000000e+02,1.000000000000000000e+00,1.457500000000001295e-01
1.510000000000000000e+02,1.000000000000000000e+00,1.457500000000001295e-01
1.520000000000000000e+02,1.000000000000000000e+00,1.482499999999999929e-01
1.530000000000000000e+02,1.000000000000000000e+00,1.497500000000000497e-01
1.540000000000000000e+02,1.000000000000000000e+00,1.537500000000001366e-01
1.550000000000000000e+02,1.000000000000000000e+00,1.537500000000001366e-01
1.560000000000000000e+02,1.000000000000000000e+00,1.537500000000001366e-01
1.570000000000000000e+02,1.000000000000000000e+00,1.544999999999999984e-01
1.580000000000000000e+02,1.000000000000000000e+00,1.544999999999999984e-01
1.590000000000000000e+02,1.000000000000000000e+00,1.570000000000000284e-01
1.600000000000000000e+02,1.000000000000000000e+00,1.570000000000000284e-01
1.610000000000000000e+02,1.000000000000000000e+00,1.610000000000001152e-01
1.620000000000000000e+02,1.000000000000000000e+00,1.617499999999999771e-01
1.630000000000000000e+02,1.000000000000000000e+00,1.617499999999999771e-01
1.640000000000000000e+02,1.000000000000000000e+00,1.617499999999999771e-01
1.650000000000000000e+02,1.000000000000000000e+00,1.627500000000001168e-01
1.660000000000000000e+02,1.000000000000000000e+00,1.617499999999999771e-01
1.670000000000000000e+02,1.000000000000000000e+00,1.627500000000001168e-01
1.680000000000000000e+02,1.000000000000000000e+00,1.627500000000001168e-01
1.690000000000000000e+02,1.000000000000000000e+00,1.650000000000000355e-01
1.700000000000000000e+02,1.000000000000000000e+00,1.682500000000000939e-01
1.710000000000000000e+02,1.000000000000000000e+00,1.700000000000000955e-01
1.720000000000000000e+02,1.000000000000000000e+00,1.700000000000000955e-01
1.730000000000000000e+02,1.000000000000000000e+00,1.690000000000001223e-01
1.740000000000000000e+02,1.000000000000000000e+00,1.740000000000000158e-01
1.750000000000000000e+02,1.000000000000000000e+00,1.740000000000000158e-01
1.760000000000000000e+02,1.000000000000000000e+00,1.772500000000000742e-01
1.770000000000000000e+02,1.000000000000000000e+00,1.772500000000000742e-01
1.780000000000000000e+02,1.000000000000000000e+00,1.780000000000001026e-01
1.790000000000000000e+02,1.000000000000000000e+00,1.780000000000001026e-01
1.800000000000000000e+02,1.000000000000000000e+00,1.780000000000001026e-01
1.810000000000000000e+02,1.000000000000000000e+00,1.780000000000001026e-01
1.820000000000000000e+02,1.000000000000000000e+00,1.780000000000001026e-01
1.830000000000000000e+02,1.000000000000000000e+00,1.787500000000001310e-01
1.840000000000000000e+02,1.000000000000000000e+00,1.812499999999999944e-01
1.850000000000000000e+02,1.000000000000000000e+00,1.852500000000000813e-01
1.860000000000000000e+02,1.000000000000000000e+00,1.860000000000001097e-01
1.870000000000000000e+02,1.000000000000000000e+00,1.860000000000001097e-01
1.880000000000000000e+02,1.000000000000000000e+00,1.860000000000001097e-01
1.890000000000000000e+02,1.000000000000000000e+00,1.860000000000001097e-01
1.900000000000000000e+02,1.000000000000000000e+00,1.860000000000001097e-01
1.910000000000000000e+02,1.000000000000000000e+00,1.860000000000001097e-01
1.920000000000000000e+02,1.000000000000000000e+00,1.860000000000001097e-01
1.930000000000000000e+02,1.000000000000000000e+00,1.860000000000001097e-01
1.940000000000000000e+02,1.000000000000000000e+00,1.867499999999999716e-01
1.950000000000000000e+02,1.000000000000000000e+00,1.877500000000001390e-01
1.960000000000000000e+02,1.000000000000000000e+00,1.932500000000000884e-01
1.970000000000000000e+02,1.000000000000000000e+00,1.892500000000000016e-01
1.980000000000000000e+02,1.000000000000000000e+00,1.932500000000000884e-01
1.990000000000000000e+02,1.000000000000000000e+00,1.940000000000001168e-01
2.000000000000000000e+02,1.000000000000000000e+00,1.940000000000001168e-01
2.010000000000000000e+02,1.000000000000000000e+00,1.940000000000001168e-01
2.020000000000000000e+02,1.000000000000000000e+00,1.940000000000001168e-01
2.030000000000000000e+02,1.000000000000000000e+00,1.940000000000001168e-01
2.040000000000000000e+02,1.000000000000000000e+00,1.950000000000001177e-01
2.050000000000000000e+02,1.000000000000000000e+00,1.990000000000000102e-01
2.060000000000000000e+02,1.000000000000000000e+00,1.980000000000000371e-01
2.070000000000000000e+02,1.000000000000000000e+00,2.022500000000000964e-01
2.080000000000000000e+02,1.000000000000000000e+00,2.022500000000000964e-01
2.090000000000000000e+02,1.000000000000000000e+00,2.022500000000000964e-01
2.100000000000000000e+02,1.000000000000000000e+00,2.022500000000000964e-01
2.110000000000000000e+02,1.000000000000000000e+00,2.022500000000000964e-01
2.120000000000000000e+02,1.000000000000000000e+00,2.022500000000000964e-01
2.130000000000000000e+02,1.000000000000000000e+00,2.030000000000001248e-01
2.140000000000000000e+02,1.000000000000000000e+00,2.062499999999999889e-01
2.150000000000000000e+02,1.000000000000000000e+00,2.030000000000001248e-01
2.160000000000000000e+02,1.000000000000000000e+00,2.044999999999999873e-01
2.170000000000000000e+02,1.000000000000000000e+00,2.077500000000000457e-01
2.180000000000000000e+02,1.000000000000000000e+00,2.095000000000000751e-01
2.190000000000000000e+02,1.000000000000000000e+00,2.102500000000001035e-01
2.200000000000000000e+02,1.000000000000000000e+00,2.102500000000001035e-01
2.210000000000000000e+02,1.000000000000000000e+00,2.110000000000001319e-01
2.220000000000000000e+02,1.000000000000000000e+00,2.102500000000001035e-01
2.230000000000000000e+02,1.000000000000000000e+00,2.102500000000001035e-01
2.240000000000000000e+02,1.000000000000000000e+00,2.150000000000000244e-01
2.250000000000000000e+02,1.000000000000000000e+00,2.167500000000000537e-01
2.260000000000000000e+02,1.000000000000000000e+00,2.182500000000001106e-01
2.270000000000000000e+02,1.000000000000000000e+00,2.182500000000001106e-01
2.280000000000000000e+02,1.000000000000000000e+00,2.182500000000001106e-01
2.290000000000000000e+02,1.000000000000000000e+00,2.182500000000001106e-01
2.300000000000000000e+02,1.000000000000000000e+00,2.182500000000001106e-01
2.310000000000000000e+02,1.000000000000000000e+00,2.207500000000001406e-01
2.320000000000000000e+02,1.000000000000000000e+00,2.197499999999999731e-01
2.330000000000000000e+02,1.000000000000000000e+00,2.207500000000001406e-01
2.340000000000000000e+02,1.000000000000000000e+00,2.197499999999999731e-01
2.350000000000000000e+02,1.000000000000000000e+00,2.197499999999999731e-01
2.360000000000000000e+02,1.000000000000000000e+00,2.230000000000000315e-01
2.370000000000000000e+02,1.000000000000000000e+00,2.222500000000000031e-01
2.380000000000000000e+02,1.000000000000000000e+00,2.247500000000000608e-01
2.390000000000000000e+02,1.000000000000000000e+00,2.255000000000000893e-01
2.400000000000000000e+02,1.000000000000000000e+00,2.262500000000001177e-01
2.410000000000000000e+02,1.000000000000000000e+00,2.255000000000000893e-01
2.420000000000000000e+02,1.000000000000000000e+00,2.262500000000001177e-01
2.430000000000000000e+02,1.000000000000000000e+00,2.262500000000001177e-01
2.440000000000000000e+02,1.000000000000000000e+00,2.262500000000001177e-01
2.450000000000000000e+02,1.000000000000000000e+00,2.262500000000001177e-01
2.460000000000000000e+02,1.000000000000000000e+00,2.262500000000001177e-01
2.470000000000000000e+02,1.000000000000000000e+00,2.262500000000001177e-01
2.480000000000000000e+02,1.000000000000000000e+00,2.262500000000001177e-01
2.490000000000000000e+02,1.000000000000000000e+00,2.262500000000001177e-01
2.500000000000000000e+02,1.000000000000000000e+00,2.280000000000001192e-01
2.510000000000000000e+02,1.000000000000000000e+00,2.262500000000001177e-01
2.520000000000000000e+02,1.000000000000000000e+00,2.270000000000001461e-01
2.530000000000000000e+02,1.000000000000000000e+00,2.270000000000001461e-01
2.540000000000000000e+02,1.000000000000000000e+00,2.287500000000001477e-01
2.550000000000000000e+02,1.000000000000000000e+00,2.302500000000000102e-01
2.560000000000000000e+02,1.000000000000000000e+00,2.294999999999999818e-01
2.570000000000000000e+02,1.000000000000000000e+00,2.302500000000000102e-01
2.580000000000000000e+02,1.000000000000000000e+00,2.327500000000000679e-01
2.590000000000000000e+02,1.000000000000000000e+00,2.312500000000000111e-01
2.600000000000000000e+02,1.000000000000000000e+00,2.335000000000000964e-01
2.610000000000000000e+02,1.000000000000000000e+00,2.335000000000000964e-01
2.620000000000000000e+02,1.000000000000000000e+00,2.302500000000000102e-01
2.630000000000000000e+02,1.000000000000000000e+00,2.335000000000000964e-01
2.640000000000000000e+02,1.000000000000000000e+00,2.302500000000000102e-01
2.650000000000000000e+02,1.000000000000000000e+00,2.312500000000000111e-01
2.660000000000000000e+02,1.000000000000000000e+00,2.320000000000000395e-01
2.670000000000000000e+02,1.000000000000000000e+00,2.335000000000000964e-01
2.680000000000000000e+02,1.000000000000000000e+00,2.335000000000000964e-01
2.690000000000000000e+02,1.000000000000000000e+00,2.327500000000000679e-01
2.700000000000000000e+02,1.000000000000000000e+00,2.287500000000001477e-01
2.710000000000000000e+02,1.000000000000000000e+00,2.342500000000001248e-01
2.720000000000000000e+02,1.000000000000000000e+00,2.352500000000000979e-01
2.730000000000000000e+02,1.000000000000000000e+00,2.342500000000001248e-01
2.740000000000000000e+02,1.000000000000000000e+00,2.342500000000001248e-01
2.750000000000000000e+02,1.000000000000000000e+00,2.352500000000000979e-01
2.760000000000000000e+02,1.000000000000000000e+00,2.352500000000000979e-01
2.770000000000000000e+02,1.000000000000000000e+00,2.384999999999999898e-01
2.780000000000000000e+02,1.000000000000000000e+00,2.425000000000000766e-01
2.790000000000000000e+02,1.000000000000000000e+00,2.425000000000000766e-01
2.800000000000000000e+02,1.000000000000000000e+00,2.425000000000000766e-01
2.810000000000000000e+02,1.000000000000000000e+00,2.425000000000000766e-01
2.820000000000000000e+02,1.000000000000000000e+00,2.425000000000000766e-01
2.830000000000000000e+02,1.000000000000000000e+00,2.425000000000000766e-01
2.840000000000000000e+02,1.000000000000000000e+00,2.425000000000000766e-01
2.850000000000000000e+02,1.000000000000000000e+00,2.425000000000000766e-01
2.860000000000000000e+02,1.000000000000000000e+00,2.425000000000000766e-01
2.870000000000000000e+02,1.000000000000000000e+00,2.425000000000000766e-01
2.880000000000000000e+02,1.000000000000000000e+00,2.432500000000001050e-01
2.890000000000000000e+02,1.000000000000000000e+00,2.425000000000000766e-01
2.900000000000000000e+02,1.000000000000000000e+00,2.432500000000001050e-01
2.910000000000000000e+02,1.000000000000000000e+00,2.425000000000000766e-01
2.920000000000000000e+02,1.000000000000000000e+00,2.447499999999999676e-01
2.930000000000000000e+02,1.000000000000000000e+00,2.440000000000001334e-01
2.940000000000000000e+02,1.000000000000000000e+00,2.457500000000001350e-01
2.950000000000000000e+02,1.000000000000000000e+00,2.440000000000001334e-01
2.960000000000000000e+02,1.000000000000000000e+00,2.464999999999999969e-01
2.970000000000000000e+02,1.000000000000000000e+00,2.487500000000000822e-01
2.980000000000000000e+02,1.000000000000000000e+00,2.505000000000000560e-01
2.990000000000000000e+02,1.000000000000000000e+00,2.505000000000000560e-01
3.000000000000000000e+02,1.000000000000000000e+00,2.505000000000000560e-01
3.010000000000000000e+02,1.000000000000000000e+00,2.505000000000000560e-01
3.020000000000000000e+02,1.000000000000000000e+00,2.480000000000000537e-01
3.030000000000000000e+02,1.000000000000000000e+00,2.505000000000000560e-01
3.040000000000000000e+02,1.000000000000000000e+00,2.512500000000000844e-01
3.050000000000000000e+02,1.000000000000000000e+00,2.505000000000000560e-01
3.060000000000000000e+02,1.000000000000000000e+00,2.512500000000000844e-01
3.070000000000000000e+02,1.000000000000000000e+00,2.570000000000000062e-01
3.080000000000000000e+02,1.000000000000000000e+00,2.577500000000000346e-01
3.090000000000000000e+02,1.000000000000000000e+00,2.585000000000000631e-01
3.100000000000000000e+02,1.000000000000000000e+00,2.560000000000000608e-01
3.110000000000000000e+02,1.000000000000000000e+00,2.585000000000000631e-01
3.120000000000000000e+02,1.000000000000000000e+00,2.577500000000000346e-01
3.130000000000000000e+02,1.000000000000000000e+00,2.577500000000000346e-01
3.140000000000000000e+02,1.000000000000000000e+00,2.585000000000000631e-01
3.150000000000000000e+02,1.000000000000000000e+00,2.585000000000000631e-01
3.160000000000000000e+02,1.000000000000000000e+00,2.585000000000000631e-01
3.170000000000000000e+02,1.000000000000000000e+00,2.585000000000000631e-01
3.180000000000000000e+02,1.000000000000000000e+00,2.602500000000000924e-01
3.190000000000000000e+02,1.000000000000000000e+00,2.610000000000001208e-01
3.200000000000000000e+02,1.000000000000000000e+00,2.625000000000000111e-01
3.210000000000000000e+02,1.000000000000000000e+00,2.642499999999999849e-01
3.220000000000000000e+02,1.000000000000000000e+00,2.625000000000000111e-01
3.230000000000000000e+02,1.000000000000000000e+00,2.650000000000000133e-01
3.240000000000000000e+02,1.000000000000000000e+00,2.657500000000000417e-01
3.250000000000000000e+02,1.000000000000000000e+00,2.642499999999999849e-01
3.260000000000000000e+02,1.000000000000000000e+00,2.650000000000000133e-01
3.270000000000000000e+02,1.000000000000000000e+00,2.665000000000000702e-01
3.280000000000000000e+02,1.000000000000000000e+00,2.665000000000000702e-01
3.290000000000000000e+02,1.000000000000000000e+00,2.665000000000000702e-01
3.300000000000000000e+02,1.000000000000000000e+00,2.665000000000000702e-01
3.310000000000000000e+02,1.000000000000000000e+00,2.665000000000000702e-01
3.320000000000000000e+02,1.000000000000000000e+00,2.665000000000000702e-01
3.330000000000000000e+02,1.000000000000000000e+00,2.675000000000000711e-01
3.340000000000000000e+02,1.000000000000000000e+00,2.682500000000000995e-01
3.350000000000000000e+02,1.000000000000000000e+00,2.714999999999999636e-01
3.360000000000000000e+02,1.000000000000000000e+00,2.697499999999999898e-01
3.370000000000000000e+02,1.000000000000000000e+00,2.697499999999999898e-01
3.380000000000000000e+02,1.000000000000000000e+00,2.682500000000000995e-01
3.390000000000000000e+02,1.000000000000000000e+00,2.730000000000000204e-01
3.400000000000000000e+02,1.000000000000000000e+00,2.665000000000000702e-01
3.410000000000000000e+02,1.000000000000000000e+00,2.705000000000000182e-01
3.420000000000000000e+02,1.000000000000000000e+00,2.697499999999999898e-01
3.430000000000000000e+02,1.000000000000000000e+00,2.697499999999999898e-01
3.440000000000000000e+02,1.000000000000000000e+00,2.682500000000000995e-01
3.450000000000000000e+02,1.000000000000000000e+00,2.722499999999999920e-01
3.460000000000000000e+02,1.000000000000000000e+00,2.705000000000000182e-01
3.470000000000000000e+02,1.000000000000000000e+00,2.730000000000000204e-01
3.480000000000000000e+02,1.000000000000000000e+00,2.705000000000000182e-01
3.490000000000000000e+02,1.000000000000000000e+00,2.730000000000000204e-01
3.500000000000000000e+02,1.000000000000000000e+00,2.730000000000000204e-01
3.510000000000000000e+02,1.000000000000000000e+00,2.737500000000000488e-01
3.520000000000000000e+02,1.000000000000000000e+00,2.747500000000000497e-01
3.530000000000000000e+02,1.000000000000000000e+00,2.730000000000000204e-01
3.540000000000000000e+02,1.000000000000000000e+00,2.737500000000000488e-01
3.550000000000000000e+02,1.000000000000000000e+00,2.747500000000000497e-01
3.560000000000000000e+02,1.000000000000000000e+00,2.747500000000000497e-01
3.570000000000000000e+02,1.000000000000000000e+00,2.722499999999999920e-01
3.580000000000000000e+02,1.000000000000000000e+00,2.730000000000000204e-01
3.590000000000000000e+02,1.000000000000000000e+00,2.730000000000000204e-01
3.600000000000000000e+02,1.000000000000000000e+00,2.722499999999999920e-01
3.610000000000000000e+02,1.000000000000000000e+00,2.737500000000000488e-01
3.620000000000000000e+02,1.000000000000000000e+00,2.730000000000000204e-01
3.630000000000000000e+02,1.000000000000000000e+00,2.737500000000000488e-01
3.640000000000000000e+02,1.000000000000000000e+00,2.747500000000000497e-01
3.650000000000000000e+02,1.000000000000000000e+00,2.747500000000000497e-01
3.660000000000000000e+02,1.000000000000000000e+00,2.747500000000000497e-01
3.670000000000000000e+02,1.000000000000000000e+00,2.747500000000000497e-01
3.680000000000000000e+02,1.000000000000000000e+00,2.747500000000000497e-01
3.690000000000000000e+02,1.000000000000000000e+00,2.747500000000000497e-01
3.700000000000000000e+02,1.000000000000000000e+00,2.747500000000000497e-01
3.710000000000000000e+02,1.000000000000000000e+00,2.714999999999999636e-01
3.720000000000000000e+02,1.000000000000000000e+00,2.762500000000001066e-01
3.730000000000000000e+02,1.000000000000000000e+00,2.755000000000000782e-01
3.740000000000000000e+02,1.000000000000000000e+00,2.747500000000000497e-01
3.750000000000000000e+02,1.000000000000000000e+00,2.747500000000000497e-01
3.760000000000000000e+02,1.000000000000000000e+00,2.777499999999999969e-01
3.770000000000000000e+02,1.000000000000000000e+00,2.777499999999999969e-01
3.780000000000000000e+02,1.000000000000000000e+00,2.770000000000001350e-01
3.790000000000000000e+02,1.000000000000000000e+00,2.777499999999999969e-01
3.800000000000000000e+02,1.000000000000000000e+00,2.810000000000000275e-01
3.810000000000000000e+02,1.000000000000000000e+00,2.810000000000000275e-01
3.820000000000000000e+02,1.000000000000000000e+00,2.802499999999999991e-01
3.830000000000000000e+02,1.000000000000000000e+00,2.810000000000000275e-01
3.840000000000000000e+02,1.000000000000000000e+00,2.827500000000000568e-01
3.850000000000000000e+02,1.000000000000000000e+00,2.827500000000000568e-01
3.860000000000000000e+02,1.000000000000000000e+00,2.827500000000000568e-01
3.870000000000000000e+02,1.000000000000000000e+00,2.827500000000000568e-01
3.880000000000000000e+02,1.000000000000000000e+00,2.827500000000000568e-01
3.890000000000000000e+02,1.000000000000000000e+00,2.827500000000000568e-01
3.900000000000000000e+02,1.000000000000000000e+00,2.827500000000000568e-01
3.910000000000000000e+02,1.000000000000000000e+00,2.827500000000000568e-01
3.920000000000000000e+02,1.000000000000000000e+00,2.835000000000000853e-01
3.930000000000000000e+02,1.000000000000000000e+00,2.850000000000001421e-01
3.940000000000000000e+02,1.000000000000000000e+00,2.835000000000000853e-01
3.950000000000000000e+02,1.000000000000000000e+00,2.835000000000000853e-01
3.960000000000000000e+02,1.000000000000000000e+00,2.842500000000001137e-01
3.970000000000000000e+02,1.000000000000000000e+00,2.850000000000001421e-01
3.980000000000000000e+02,1.000000000000000000e+00,2.892500000000000071e-01
3.990000000000000000e+02,1.000000000000000000e+00,2.900000000000000355e-01
4.000000000000000000e+02,1.000000000000000000e+00,2.900000000000000355e-01
4.010000000000000000e+02,1.000000000000000000e+00,2.907500000000000639e-01
4.020000000000000000e+02,1.000000000000000000e+00,2.907500000000000639e-01
4.030000000000000000e+02,1.000000000000000000e+00,2.907500000000000639e-01
4.040000000000000000e+02,1.000000000000000000e+00,2.907500000000000639e-01
4.050000000000000000e+02,1.000000000000000000e+00,2.907500000000000639e-01
4.060000000000000000e+02,1.000000000000000000e+00,2.907500000000000639e-01
4.070000000000000000e+02,1.000000000000000000e+00,2.907500000000000639e-01
4.080000000000000000e+02,1.000000000000000000e+00,2.907500000000000639e-01
4.090000000000000000e+02,1.000000000000000000e+00,2.907500000000000639e-01
4.100000000000000000e+02,1.000000000000000000e+00,2.907500000000000639e-01
4.110000000000000000e+02,1.000000000000000000e+00,2.907500000000000639e-01
4.120000000000000000e+02,1.000000000000000000e+00,2.907500000000000639e-01
4.130000000000000000e+02,1.000000000000000000e+00,2.907500000000000639e-01
4.140000000000000000e+02,1.000000000000000000e+00,2.907500000000000639e-01
4.150000000000000000e+02,1.000000000000000000e+00,2.922500000000001208e-01
4.160000000000000000e+02,1.000000000000000000e+00,2.907500000000000639e-01
4.170000000000000000e+02,1.000000000000000000e+00,2.907500000000000639e-01
4.180000000000000000e+02,1.000000000000000000e+00,2.907500000000000639e-01
4.190000000000000000e+02,1.000000000000000000e+00,2.915000000000000924e-01
4.200000000000000000e+02,1.000000000000000000e+00,2.907500000000000639e-01
4.210000000000000000e+02,1.000000000000000000e+00,2.915000000000000924e-01
4.220000000000000000e+02,1.000000000000000000e+00,2.907500000000000639e-01
4.230000000000000000e+02,1.000000000000000000e+00,2.907500000000000639e-01
4.240000000000000000e+02,1.000000000000000000e+00,2.922500000000001208e-01
4.250000000000000000e+02,1.000000000000000000e+00,2.954999999999999849e-01
4.260000000000000000e+02,1.000000000000000000e+00,2.954999999999999849e-01
4.270000000000000000e+02,1.000000000000000000e+00,2.980000000000000426e-01
4.280000000000000000e+02,1.000000000000000000e+00,2.987500000000000711e-01
4.290000000000000000e+02,1.000000000000000000e+00,2.987500000000000711e-01
4.300000000000000000e+02,1.000000000000000000e+00,2.987500000000000711e-01
4.310000000000000000e+02,1.000000000000000000e+00,2.987500000000000711e-01
4.320000000000000000e+02,1.000000000000000000e+00,2.987500000000000711e-01
4.330000000000000000e+02,1.000000000000000000e+00,2.987500000000000711e-01
4.340000000000000000e+02,1.000000000000000000e+00,3.005000000000001004e-01
4.350000000000000000e+02,1.000000000000000000e+00,3.020000000000001572e-01
4.360000000000000000e+02,1.000000000000000000e+00,3.052500000000000213e-01
4.370000000000000000e+02,1.000000000000000000e+00,3.067500000000000782e-01
4.380000000000000000e+02,1.000000000000000000e+00,3.067500000000000782e-01
4.390000000000000000e+02,1.000000000000000000e+00,3.020000000000001572e-01
4.400000000000000000e+02,1.000000000000000000e+00,3.067500000000000782e-01
4.410000000000000000e+02,1.000000000000000000e+00,3.067500000000000782e-01
4.420000000000000000e+02,1.000000000000000000e+00,3.067500000000000782e-01
4.430000000000000000e+02,1.000000000000000000e+00,3.067500000000000782e-01
4.440000000000000000e+02,1.000000000000000000e+00,3.067500000000000782e-01
4.450000000000000000e+02,1.000000000000000000e+00,3.067500000000000782e-01
4.460000000000000000e+02,1.000000000000000000e+00,3.067500000000000782e-01
4.470000000000000000e+02,1.000000000000000000e+00,3.067500000000000782e-01
4.480000000000000000e+02,1.000000000000000000e+00,3.067500000000000782e-01
4.490000000000000000e+02,1.000000000000000000e+00,3.077500000000000790e-01
4.500000000000000000e+02,1.000000000000000000e+00,3.067500000000000782e-01
4.510000000000000000e+02,1.000000000000000000e+00,3.067500000000000782e-01
4.520000000000000000e+02,1.000000000000000000e+00,3.067500000000000782e-01
4.530000000000000000e+02,1.000000000000000000e+00,3.067500000000000782e-01
4.540000000000000000e+02,1.000000000000000000e+00,3.067500000000000782e-01
4.550000000000000000e+02,1.000000000000000000e+00,3.067500000000000782e-01
4.560000000000000000e+02,1.000000000000000000e+00,3.067500000000000782e-01
4.570000000000000000e+02,1.000000000000000000e+00,3.067500000000000782e-01
4.580000000000000000e+02,1.000000000000000000e+00,3.067500000000000782e-01
4.590000000000000000e+02,1.000000000000000000e+00,3.067500000000000782e-01
4.600000000000000000e+02,1.000000000000000000e+00,3.067500000000000782e-01
4.610000000000000000e+02,1.000000000000000000e+00,3.067500000000000782e-01
4.620000000000000000e+02,1.000000000000000000e+00,3.067500000000000782e-01
4.630000000000000000e+02,1.000000000000000000e+00,3.067500000000000782e-01
4.640000000000000000e+02,1.000000000000000000e+00,3.067500000000000782e-01
4.650000000000000000e+02,1.000000000000000000e+00,3.067500000000000782e-01
4.660000000000000000e+02,1.000000000000000000e+00,3.067500000000000782e-01
4.670000000000000000e+02,1.000000000000000000e+00,3.067500000000000782e-01
4.680000000000000000e+02,1.000000000000000000e+00,3.067500000000000782e-01
4.690000000000000000e+02,1.000000000000000000e+00,3.077500000000000790e-01
4.700000000000000000e+02,1.000000000000000000e+00,3.077500000000000790e-01
4.710000000000000000e+02,1.000000000000000000e+00,3.067500000000000782e-01
4.720000000000000000e+02,1.000000000000000000e+00,3.077500000000000790e-01
4.730000000000000000e+02,1.000000000000000000e+00,3.077500000000000790e-01
4.740000000000000000e+02,1.000000000000000000e+00,3.067500000000000782e-01
4.750000000000000000e+02,1.000000000000000000e+00,3.077500000000000790e-01
4.760000000000000000e+02,1.000000000000000000e+00,3.067500000000000782e-01
4.770000000000000000e+02,1.000000000000000000e+00,3.077500000000000790e-01
4.780000000000000000e+02,1.000000000000000000e+00,3.077500000000000790e-01
4.790000000000000000e+02,1.000000000000000000e+00,3.077500000000000790e-01
4.800000000000000000e+02,1.000000000000000000e+00,3.077500000000000790e-01
4.810000000000000000e+02,1.000000000000000000e+00,3.077500000000000790e-01
4.820000000000000000e+02,1.000000000000000000e+00,3.067500000000000782e-01
4.830000000000000000e+02,1.000000000000000000e+00,3.067500000000000782e-01
4.840000000000000000e+02,1.000000000000000000e+00,3.067500000000000782e-01
4.850000000000000000e+02,1.000000000000000000e+00,3.044999999999999929e-01
4.860000000000000000e+02,1.000000000000000000e+00,3.060000000000000497e-01
4.870000000000000000e+02,1.000000000000000000e+00,3.052500000000000213e-01
4.880000000000000000e+02,1.000000000000000000e+00,3.027499999999999636e-01
4.890000000000000000e+02,1.000000000000000000e+00,3.037500000000001310e-01
4.900000000000000000e+02,1.000000000000000000e+00,3.044999999999999929e-01
4.910000000000000000e+02,1.000000000000000000e+00,3.037500000000001310e-01
